5.161120538418080272e-01
6.652262172026605080e-01
6.882418950885608178e-01
7.117797858987102710e-01
7.282154894576036153e-01
7.364564404201915382e-01
7.557452061238882912e-01
7.651772786190363940e-01
7.658413344279667578e-01
7.739657699568811555e-01
7.897812928647778286e-01
7.931587632068914928e-01
7.787505077476785109e-01
7.931068179382024796e-01
7.984342163505966372e-01
8.045222193231851282e-01
8.073212116468553301e-01
8.067814403950978042e-01
7.934047950199057953e-01
8.069708675946142273e-01
8.223113272537651008e-01
8.228047281890832343e-01
8.159284879587023198e-01
8.261999500440665445e-01
8.186306414785295971e-01
8.259154166051627666e-01
8.181687827955157477e-01
8.320733174988718117e-01
8.231491349441676375e-01
8.232839069104479490e-01
8.251259282658437444e-01
8.268323533030337291e-01
8.285501021240501140e-01
8.320700894116601631e-01
8.310307900642356360e-01
8.373106948263375759e-01
8.332828239708381934e-01
8.321615924920087171e-01
8.362785977817162042e-01
8.297332533823401635e-01
8.406465259307608351e-01
8.339212426725083338e-01
8.274633243326559029e-01
8.404044640694861013e-01
8.407618227150177592e-01
8.343026349080406856e-01
8.458995632850382362e-01
8.567424322161406591e-01
8.522782682655972719e-01
8.561836715717910939e-01
8.347627103823983541e-01
8.478804875595588042e-01
8.675642132105889637e-01
8.639296554881890078e-01
8.628540996950493369e-01
8.655155625739019420e-01
8.497992641190986740e-01
8.632618968406237103e-01
8.509429802555646960e-01
8.648815019592149822e-01
8.738037252968263724e-01
8.463512655942982965e-01
8.674724911435774954e-01
8.686644462117990573e-01
8.722942501356385492e-01
8.675957406359654511e-01
8.739125802255262032e-01
8.736011276851561869e-01
8.754467398744696371e-01
8.631530678506359466e-01
8.739005824814096712e-01
8.658455526506841915e-01
8.704468037317678597e-01
8.787573017746239668e-01
8.776026918728792037e-01
8.758375788384950011e-01
8.697899731621149266e-01
8.688302370648975925e-01
8.580290160768739849e-01
8.733546867555890270e-01
8.632294178417918573e-01
8.706225701957859275e-01
8.830861791068062017e-01
8.736479745988899870e-01
8.800441313181215364e-01
8.789753673916899102e-01
8.819916458196231934e-01
8.817860539357749161e-01
8.776443389972232723e-01
8.685217248680772162e-01
8.798275401915376381e-01
8.844929847321503225e-01
8.751723286942529878e-01
8.596872224406086893e-01
8.729771667175564298e-01
8.714749781490050973e-01
8.746290838388389721e-01
8.669393907126760057e-01
8.741374192580152469e-01
8.846156435960332853e-01
