5.179927047246541960e-01
3.491826556049860697e-01
3.209631842298385496e-01
2.933287114287034258e-01
2.810117724614265566e-01
2.733527597708579893e-01
2.483493450742501607e-01
2.404213788417669528e-01
2.379875223223979763e-01
2.301366375042842027e-01
2.224554281968336711e-01
2.111445304292898784e-01
2.240139641440831719e-01
2.111211610146057904e-01
2.041896067750759713e-01
2.063283616533646281e-01
1.969479232644423539e-01
1.999350293324543837e-01
2.084936341032003759e-01
1.970181195781781081e-01
1.830882815978465972e-01
1.865446932422809012e-01
1.913918107748031616e-01
1.766773084035286601e-01
1.842392065968268822e-01
1.821184418140313621e-01
1.926762209488795397e-01
1.724276305773319307e-01
1.816112884344198708e-01
1.793082354542536727e-01
1.777483622233072824e-01
1.763006313106952605e-01
1.751438490091226097e-01
1.697337841376280188e-01
1.720087182445403928e-01
1.637235912374961078e-01
1.693823177080888143e-01
1.712855177047925004e-01
1.668710752557485411e-01
1.734823072567964197e-01
1.625890781482060843e-01
1.684690509469081166e-01
1.734512459773283610e-01
1.613456047116181846e-01
1.615685560764410500e-01
1.661948494804211252e-01
1.568241449884879291e-01
1.473581194877624512e-01
1.498320975746863792e-01
1.448314761122067862e-01
1.662807006102342000e-01
1.552594686165834070e-01
1.346234220724839559e-01
1.408339671981640451e-01
1.390391844205367267e-01
1.359303035797216896e-01
1.514733055463204081e-01
1.383311652984374474e-01
1.505644959517014325e-01
1.367363343254113794e-01
1.305888449916472738e-01
1.554586020035621519e-01
1.359028516289515487e-01
1.341411438889992536e-01
1.296725355279751413e-01
1.358703766495753529e-01
1.276106213529904776e-01
1.279598363699057106e-01
1.264586874689811180e-01
1.416650485151853267e-01
1.293045507791714677e-01
1.366861013647837630e-01
1.306970432782784408e-01
1.227284952616080199e-01
1.238991975402220641e-01
1.258443498458617638e-01
1.325576742872213720e-01
1.343241528822825548e-01
1.411544986260243051e-01
1.285148910604990424e-01
1.392671318772511491e-01
1.303469030520854888e-01
1.184513089366448224e-01
1.284961780676474874e-01
1.213911301814592780e-01
1.226830176818065193e-01
1.202491263930614146e-01
1.198724235097567287e-01
1.236200468280376497e-01
1.335262786119412182e-01
1.214418783783912659e-01
1.183055471151303051e-01
1.265594525597034392e-01
1.414239332079887390e-01
1.304783171568161537e-01
1.291719503127611579e-01
1.265315405833415396e-01
1.342134580780298403e-01
1.284352019429206848e-01
1.160442951398018147e-01
