6.691577371773513860e-01
6.937260835250403934e-01
7.364696692516696785e-01
7.590978504427311480e-01
7.192910593593305757e-01
7.436062271827866832e-01
7.056672012210436495e-01
7.884184875686869320e-01
7.178318580043353547e-01
7.631438727104526976e-01
7.767941719845952164e-01
7.878624865992018833e-01
8.097178009255946440e-01
8.131883327422672059e-01
7.572828800453991205e-01
8.112561297621144751e-01
8.056322056495257566e-01
8.135896064874221789e-01
8.121621479446553549e-01
8.616983392759629545e-01
8.315402993633449480e-01
8.523270737536693398e-01
7.856764151895797577e-01
8.153766470583598824e-01
8.289071050920383543e-01
8.036052640342673525e-01
8.264374876589457575e-01
8.123947525527728253e-01
7.887059508548196485e-01
7.915263901599703944e-01
8.405823569750021651e-01
7.869370201191959735e-01
7.868880346869049358e-01
8.190642487698471808e-01
8.240162750067993036e-01
8.352331230259770756e-01
8.031577665085266604e-01
8.383019992426509193e-01
8.361079581376197334e-01
8.124029451536164403e-01
8.363286502746338780e-01
8.347355392564272947e-01
8.352742652942785062e-01
8.540043861329397190e-01
8.366061345937265692e-01
8.253185039387475053e-01
8.510867085458218018e-01
8.047025356921803096e-01
8.458051980623900734e-01
8.588801523282603156e-01
8.184187492529212404e-01
8.141797386775090350e-01
8.621828192381412181e-01
8.302203442932185595e-01
8.777488297066707856e-01
8.827853271600025753e-01
8.405577333473499557e-01
8.327119932194432250e-01
8.453733192024821541e-01
8.509737410309292649e-01
8.517106447621167753e-01
8.541415818866440191e-01
8.552483621669870750e-01
8.802473773004724222e-01
8.525391849271841682e-01
8.460058261922259737e-01
8.583165850056792001e-01
8.550602368656929908e-01
8.572581444113132054e-01
8.777088905574208511e-01
8.758800019375152512e-01
8.702900958844711488e-01
8.746348641789635225e-01
8.800762418604756165e-01
8.511300987261736228e-01
8.406207642971872396e-01
8.667699625987415057e-01
8.826166362430719614e-01
8.925705726236980997e-01
8.576385938898301031e-01
8.661235686947119650e-01
8.599459344473613376e-01
8.583194936145539522e-01
8.383880473664253596e-01
8.695735188761855028e-01
8.700214527900151928e-01
8.496807791315705849e-01
8.656366138034906621e-01
8.902223625253987693e-01
8.541897561859704835e-01
8.826165731468770259e-01
8.808221327893007713e-01
8.945850767791796443e-01
8.763639200911654825e-01
8.782881669695177251e-01
8.982769508753712939e-01
9.027803408010259822e-01
9.190321571199105977e-01
8.938252313162289298e-01
8.825715602908300594e-01
